5108060008000105
5108040005000000
5108050001000000
5108060017000105
5108060017000108
5108060023000302
5108070001000401
5108070003000102
5108070004000103
5108070005000202
5108070005000303
5108070005000703
5108070005000802
5108070007000206
5108070008000103
5108070011000106
5108070011000202
5108070014000205
5108080004000104
5108080004000303
5108080004000402
5108080008000105
5108080011000210
5108080011000403
5108080011000705
5108090002000205
5108090006001005
5108090010000503
5108020009000000
5108060002000000
5108060002000107
5108060002000204
5108060002000305
5108060002000401
5108060006000223
5108060017000211
5108060021000603
5108060023000504
5108060024000101
5108060024000102
5108060025000201
5108070003000101
5108070004000503
5108070005000402
5108070005000702
5108070012000102
5108070012000104
5108070012000504
5108070012000602
5108070012000703
5108070013000104
5108070013000501
5108070013000600
5108070014000101
5108080002000401
5108080009000201
5108080011000304
5108090002000203
5108090004000102
5108090008000301
5108050009000000
5108060004000110
5108060007000302
5108060024000202
5108070003000103
5108070005000302
5108070005000501
5108070010000301
5108070011000103
5108070011000107
5108070011000302
5108070012000201
5108070012000207
5108070012000501
5108070012000605
5108070013001203
5108070014000204
5108080004000205
5108080004000501
5108080007000101
5108080008000501
5108080011000407
5108080013000102
5108090001000602
5108090003000101
5108090003000206
5108090008000402
5108030002000000
5108030014000000
5108060002000203
5108060004000103
5108060010000105
5108060017000106
5108060024000304
5108070001000303
5108070004000203
5108070005000101
5108070005000601
5108070005000701
5108070006000104
5108070007000204
5108070007000207
5108070011000203
5108070011000205
5108070013000102
5108070013001101
5108080001000202
5108080003000204
5108080011000209
5108080011000701
5108080012000203
5108090001000603
5108090001000606
5108090002000101
5108090005000103
5108090006000402
5108090007000402
5108090007000902
5108090008000404
5108090009000203
5108090009000302
5108090010000501
5108060006000227
5108060007000102
5108060007000103
5108060021000604
5108060022000000
5108060024000201
5108070004000504
5108070005000902
5108070009000403
5108070011000108
5108070012000206
5108070012000208
5108070012000403
5108070012000506
5108070012000604
5108070014000104
5108070014000201
5108080001000204
5108080007000501
5108090001000605
5108090005000202
5108090006000705
5108050010000000
5108060002000405
5108060003000402
5108060007000000
5108060007000401
5108060007000405
5108060010000106
5108060024000302
5108060024000305
5108060024000404
5108060025000103
5108070001000202
5108070005000105
5108070005001000
5108070007000103
5108070009000502
5108070012000203
5108070012000502
5108070012000505
5108070012000601
5108070013000109
5108070014000203
5108080002000502
5108080007000201
5108080008000301
5108090001000502
5108090004000802
5108090004000805
5108090008000102
5108090009000103
5108020011000000
5108060006000204
5108060014000000
5108070001000201
5108070003000104
5108070004000301
5108070004000401
5108070005000603
5108070008000305
5108070009000401
5108070010000101
5108070011000101
5108070012000304
5108070012000503
5108070012000603
5108070013000103
5108070013000402
5108070013000901
5108080007000102
5108080009000203
5108080010000203
5108080011000309
5108080011000504
5108090001000104
5108090001000601
5108090006000104
5108090006000704
5108090007000701
5108090007000702
5108090009000301
5108060003000202
5108060004000102
5108060004000203
5108060011000105
5108060017000103
5108060017000209
5108060021000512
5108060025000101
5108060025000202
5108060025000204
5108070004000502
5108070005000301
5108070006000204
5108070011000109
5108070011000204
5108070011000301
5108070011000303
5108070012000103
5108070012000205
5108070012000305
5108070012000701
5108070013000502
5108070014000202
5108080006000301
5108080012000204
5108090001000402
5108090001000604
5108090008000303